exp,epoch,horizon_steps,bias_mean,wet_frac_pred,wet_frac_gt,wet_frac_delta,false_pos_rate,false_neg_rate
one_step,0,12,-0.22148954473925642,0.7523730752581782,0.327376167212912,0.4249969080452662,0.4467256199369241,0.021728711891657905
one_step,0,24,-0.06683413443218304,0.95880743305918,0.35413703543380126,0.6046703976253788,0.6051187310617773,0.0004483334363984911
one_step,50,12,-0.2628578797953078,0.2700822459959186,0.327376167212912,-0.05729392121699339,0.0629367386061468,0.12023065982314018
one_step,50,24,-0.22492373143725047,0.6585167893142044,0.35413703543380126,0.30437975388040317,0.3842835940881825,0.07990384020777935
one_step,100,12,-0.2762601561201621,0.21923505039886215,0.327376167212912,-0.10814111681404986,0.027317420072970132,0.13545853688701998
one_step,100,24,-0.25868629803279214,0.2613938531939892,0.35413703543380126,-0.09274318223981204,0.060525013913796305,0.15326819615360832
one_step,150,12,-0.2526861054801033,0.20372889740894193,0.327376167212912,-0.12364726980397009,0.020461010450807,0.14410828025477707
one_step,150,24,-0.2402841937054686,0.20704501886092389,0.35413703543380126,-0.14709201657287738,0.02418681590501515,0.17127883247789252
one_step,200,12,-0.28028077674069807,0.186383031352421,0.327376167212912,-0.140993135860491,0.011270175004637933,0.15226331086512893
one_step,200,24,-0.2880080668162963,0.18304372023993568,0.35413703543380126,-0.17109331519386559,0.01571485993445056,0.18680817512831613
one_step,250,12,-0.27322172934296446,0.20797260528105868,0.327376167212912,-0.11940356193185334,0.01891503308391565,0.13831859501576896
one_step,250,24,-0.27778140294456755,0.19994898274689257,0.35413703543380126,-0.1541880526869087,0.021040751963391256,0.1752288046502999
one_step,300,12,-0.2911098820624594,0.17651196586481974,0.327376167212912,-0.15086420134809228,0.009461381485375054,0.16032558283346732
one_step,300,24,-0.3092394776839979,0.1629537443571826,0.35413703543380126,-0.19118329107661866,0.007227444190217055,0.1984107352668357
one_step,350,12,-0.2779664163516939,0.1873492672067281,0.327376167212912,-0.14002690000618392,0.010783192134067157,0.15081009214025107
one_step,350,24,-0.2804519995843374,0.17528291385814113,0.35413703543380126,-0.17885412157566014,0.009600519448395276,0.1884546410240554
one_step,400,12,-0.2791543325653369,0.18147455321254097,0.327376167212912,-0.14590161400037105,0.008286438686537629,0.15418805268690866
one_step,400,24,-0.2852338989401238,0.17688300043287367,0.35413703543380126,-0.1772540350009276,0.011455692288664894,0.18870972728959248
one_step,450,12,-0.25367291536426123,0.20587007606208646,0.327376167212912,-0.12150609115082556,0.023838970997464598,0.14534506214829016
one_step,450,24,-0.2382746245849111,0.2681188547399666,0.35413703543380126,-0.08601818069383466,0.07824191453837116,0.1642600952322058
one_step,500,12,-0.2988736928338635,0.1679240615917383,0.327376167212912,-0.1594521056211737,0.005426380557788634,0.16487848617896234
one_step,500,24,-0.3086656826737123,0.1550769896728712,0.35413703543380126,-0.19906004576093006,0.007173334982375858,0.2062333807433059
one_step,550,12,-0.26102581357964777,0.19960113783934202,0.327376167212912,-0.12777502937357,0.012282790179951765,0.14005781955352173
one_step,550,24,-0.257944763912045,0.22749056953806196,0.35413703543380126,-0.1266464658957393,0.04398305608805887,0.17062952198379816
one_step,600,12,-0.2530526674329722,0.19553521736441778,0.327376167212912,-0.13184094984849423,0.009415002164368313,0.14125595201286253
one_step,600,24,-0.24111077545318876,0.2012321439614124,0.35413703543380126,-0.15290489147238887,0.018319831797662483,0.17122472327005134
one_step,650,12,-0.27029435552491243,0.17861449508379199,0.327376167212912,-0.14876167212912003,0.007041926906190093,0.15580359903531013
one_step,650,24,-0.2625893804021643,0.17352049965988497,0.35413703543380126,-0.1806165357739163,0.010937789870756292,0.19155432564467256
one_step,700,12,-0.25131203977733335,0.19835662605899448,0.327376167212912,-0.12901954115391753,0.014161152680724754,0.14318069383464227
one_step,700,24,-0.23719541415103135,0.593098757034197,0.35413703543380126,0.23896172160039575,0.359006864139509,0.12004514253911323
one_step,750,12,-0.25450715906035737,0.19313122255890175,0.327376167212912,-0.13424494465401027,0.009917444808608003,0.14416238946261828
one_step,750,24,-0.2515677054069471,0.18257219714303383,0.35413703543380126,-0.17156483829076744,0.012050893574918063,0.1836157318656855
one_step,800,12,-0.2604446302619997,0.1941592975078845,0.327376167212912,-0.13321686970502752,0.010404427679178777,0.1436212973842063
one_step,800,24,-0.2580403457744453,0.19511780347535712,0.35413703543380126,-0.15901923195844414,0.021983798157194978,0.18100303011563912
one_step,850,12,-0.256837818074275,0.1969807062024612,0.327376167212912,-0.13039546101045082,0.008549254838909158,0.13894471584935997
one_step,850,24,-0.26035987042988556,0.1873260775462247,0.35413703543380126,-0.16681095788757655,0.013279945581596685,0.18009090346917322
one_step,900,12,-0.25980958023906364,0.18323696741079712,0.327376167212912,-0.1441391998021149,0.009198565333003525,0.15333776513511843
one_step,900,24,-0.25902549258175445,0.17604817265475234,0.35413703543380126,-0.17808886277904892,0.014354399851586173,0.19244326263063508
One_step_and_tversky,0,12,-0.21530348577435107,0.7964411601014161,0.327376167212912,0.46906499288850406,0.48702152000494714,0.017956527116443015
One_step_and_tversky,0,24,-0.054192596873372495,0.9708505967472636,0.35413703543380126,0.6167135613134623,0.6170072970131717,0.00029373569970935626
One_step_and_tversky,50,12,-0.25133688638135254,0.29139354399851586,0.327376167212912,-0.03598262321439616,0.07434605157380496,0.1103286747882011
One_step_and_tversky,50,24,-0.2147654495111873,0.8066987199307402,0.35413703543380126,0.4525616844969389,0.5036948859068703,0.051133201409931356
One_step_and_tversky,100,12,-0.2644038420647639,0.2303970069878177,0.327376167212912,-0.09697916022509431,0.033029806443633666,0.13000896666872797
One_step_and_tversky,100,24,-0.24754054193542113,0.3013187186939583,0.35413703543380126,-0.05281831673984294,0.08497464597118298,0.13779296271102592
One_step_and_tversky,150,12,-0.24318601605799445,0.20374435718261086,0.327376167212912,-0.12363181003030116,0.018721785913054234,0.1423535959433554
One_step_and_tversky,150,24,-0.23354933542146966,0.2038912250324655,0.35413703543380126,-0.15024581040133575,0.02237802238575227,0.172623832787088
One_step_and_tversky,200,12,-0.272701092402101,0.19610722899016758,0.327376167212912,-0.13126893822274444,0.014393049285758457,0.14566198750850287
One_step_and_tversky,200,24,-0.27763857460222485,0.19874312040071734,0.35413703543380126,-0.15539391503308392,0.021921959062519324,0.17731587409560323
One_step_and_tversky,250,12,-0.2652862550715304,0.21099499103333128,0.327376167212912,-0.11638117617958074,0.017369055717024302,0.13375023189660504
One_step_and_tversky,250,24,-0.2696643461581617,0.20934852513759197,0.35413703543380126,-0.1447885102962093,0.019780780409374806,0.16456929070558407
One_step_and_tversky,300,12,-0.28185042311166114,0.1785913054232886,0.327376167212912,-0.1487848617896234,0.009909714921773545,0.15869457671139695
One_step_and_tversky,300,24,-0.29912256367403695,0.17047492424710903,0.35413703543380126,-0.18366211118669223,0.008788881330777317,0.19245099251746955
One_step_and_tversky,350,12,-0.26662745648858777,0.18906530208397748,0.327376167212912,-0.13831086512893453,0.01041988745284769,0.1487307525817822
One_step_and_tversky,350,24,-0.26849927330760165,0.18065518520808854,0.35413703543380126,-0.17348185022571272,0.010891410549749552,0.18437326077546226
One_step_and_tversky,400,12,-0.2632849522685527,0.1921727165914291,0.327376167212912,-0.13520345062148292,0.013697359470657349,0.14890081009214026
One_step_and_tversky,400,24,-0.2707500206532914,0.1943525446787459,0.35413703543380126,-0.15978449075505535,0.02019819429843547,0.17998268505349083
One_step_and_tversky,450,12,-0.23870149277098568,0.2167769463855049,0.327376167212912,-0.11059922082740711,0.029937851709850968,0.14053707253725806
One_step_and_tversky,450,24,-0.22531481870184522,0.3969683383835261,0.35413703543380126,0.042831302949724814,0.18142044400469978,0.13858914105497497
One_step_and_tversky,500,12,-0.2915666115600216,0.17001113103704163,0.327376167212912,-0.1573650361758704,0.005611897841815596,0.16297693401768598
One_step_and_tversky,500,24,-0.2979605640951346,0.15891101354276174,0.35413703543380126,-0.19522602189103952,0.007992702986828273,0.2032187248778678
One_step_and_tversky,550,12,-0.24995017091504468,0.20965772061097027,0.327376167212912,-0.11771844660194175,0.015892647331643063,0.1336110939335848
One_step_and_tversky,550,24,-0.24487013118282244,0.2910534289777998,0.35413703543380126,-0.06308360645600147,0.08457269185579123,0.14765629831179272
One_step_and_tversky,600,12,-0.3547556830369566,0.2447668666130728,0.327376167212912,-0.08260930059983923,0.03524828396512275,0.11785758456496197
One_step_and_tversky,600,24,-0.3739048962129835,0.30570929441592976,0.35413703543380126,-0.048427741017871506,0.0752504483334364,0.1236781893513079
One_step_and_tversky,650,12,-0.26982785987394003,0.21668418774349144,0.327376167212912,-0.11069197946942058,0.011409312967658153,0.12210129243707872
One_step_and_tversky,650,24,-0.27693947276676323,0.24288850411229979,0.35413703543380126,-0.11124853132150148,0.024642879228248097,0.13589141054974954
One_step_and_tversky,700,12,-0.2254940007246165,0.25394224228557294,0.327376167212912,-0.07343392492733908,0.02274132706697174,0.0961752519943108
One_step_and_tversky,700,24,-0.22580025408530557,0.2995331148351988,0.35413703543380126,-0.05460392059860247,0.047136849916517225,0.10174077051511966
One_step_and_tversky,750,12,-0.20654804998054244,0.2449755735576031,0.327376167212912,-0.08240059365530891,0.01625595201286253,0.09865654566817142
One_step_and_tversky,750,24,-0.14601563537476878,0.31275122132211985,0.35413703543380126,-0.04138581411168141,0.05128006925978604,0.09266588337146744
One_step_and_tversky,800,12,-0.18116437451869377,0.2679410673427741,0.327376167212912,-0.0594350998701379,0.019069630820604786,0.0785047306907427
One_step_and_tversky,800,24,-0.08697668666130728,0.34961505163564405,0.35413703543380126,-0.004521983798157214,0.06761332014099314,0.07213530393915032
One_step_and_tversky,850,12,-0.17843167552272152,0.27345247665574174,0.327376167212912,-0.05392369055717028,0.02315101106919795,0.07707470162636819
One_step_and_tversky,850,24,-0.10100402511210751,0.34779079834271226,0.35413703543380126,-0.006346237091089002,0.06129027271040752,0.0676365098014965
One_step_and_tversky,900,12,-0.17563733027821885,0.29136262445117805,0.327376167212912,-0.03601354276173396,0.03999443448147919,0.07600797724321316
One_step_and_tversky,900,24,-0.20566359834822584,0.34265815348463297,0.35413703543380126,-0.011478881949168296,0.0770360521921959,0.08851493414136417
One_step_and_tversky,950,12,-0.1641927267018795,0.3014346669964752,0.327376167212912,-0.02594150021643682,0.03797693401768598,0.06391843423412281
One_step_and_tversky,950,24,-0.1831268537951993,0.359718013728279,0.35413703543380126,0.005580978294477734,0.0778245006493105,0.07224352235483272
One_step_and_tversky,1000,12,-0.1331532101899203,0.34886525261270174,0.327376167212912,0.02148908539978972,0.07025694143837734,0.0487678560385876
One_step_and_tversky,1000,24,-0.13567554175938504,0.4065688578319213,0.35413703543380126,0.052431822398120054,0.11019726671201534,0.05776544431389524
One_step_and_tversky,1050,12,-0.1257288204290069,0.33638148537505413,0.327376167212912,0.009005318162142117,0.06486148042792654,0.05585616226578443
One_step_and_tversky,1050,24,-0.15420303594777834,0.39750943046193804,0.35413703543380126,0.04337239502813678,0.11116350256632243,0.06779110753818564
One_step_and_tversky,1100,12,-0.17397549483957586,0.2825428235730629,0.327376167212912,-0.044833343639849144,0.028445983550800816,0.07327932719064993
One_step_and_tversky,1100,24,-0.17779812203305204,0.3554665759693278,0.35413703543380126,0.00132954053552653,0.08388473192752458,0.08255519139199802
One_step_and_tversky,1150,12,-0.16028290969691053,0.3674942798837425,0.327376167212912,0.040118112670830486,0.08500556551852081,0.04488745284769031
One_step_and_tversky,1150,24,-0.23719242344347255,0.3949121884855606,0.35413703543380126,0.04077515305175933,0.10551295529033455,0.06473780223857523
One_step_and_tversky,1200,12,-0.18053382600837733,0.3447606827036052,0.327376167212912,0.017384515490693198,0.07253725805454209,0.05515274256384887
One_step_and_tversky,1200,24,-0.25946655672104146,0.3699987632181065,0.35413703543380126,0.015861727784305224,0.09573464844474677,0.07987292066044153
